 234 235 229 127   6   3   2   1   2   0   0   0 101 226 224 225
 239 241 240 221  16   3   1   2   2   1   1   3 185 228 227 228
 231 243 243 240 135   6   2   2   2   1   1  51 232 231 231 209
 132 244 247 243 221  13   3   2   2   2   1 144 233 232 232 140
  40 241 252 248 246  59   5   3   2   1   5 225 236 235 227  63
   5 189 252 253 251 137   9   3   3   1  64 237 239 237 188  27
   2  90 251 253 253 225  11   3   3   1 157 239 239 238 112  21
   3  14 241 254 254 252  87   6   1   9 233 242 239 217  38  16
   3   3 159 254 254 254 170  18   7 109 242 244 242 156  17  12
   2   3  70 253 254 254 250  49  13 200 247 246 241  76  13   7
   2   2   5 224 254 254 253 148  37 248 250 250 193  28  11   6
   3   2   3 127 253 255 254 221 132 250 252 248 121  18   9   5
   2   2   3  23 223 254 254 252 240 253 253 236  37  11   6   3
   2   1   2   7 130 253 255 255 254 254 253 154  19   7   2   2
   3   3   2   4  39 254 254 254 254 253 250  74  13   3   1   1
   2   2   4   4   6 162 255 254 253 254 216  26   9   5   3   4
 221 224 219 125   3   0   0   0   0   0   0   0  89 209 211 211
 221 221 221 210  13   0   0   0   0   0   0   1 169 209 209 211
 212 222 222 222 127   3   0   0   0   0   0  42 213 212 212 196
 119 223 225 223 207   9   0   0   0   0   0 124 213 214 213 128
  30 221 226 225 227  53   1   0   0   0   0 202 215 214 210  57
   0 171 227 226 227 130   5   0   0   0  54 218 218 217 176  20
   0  77 228 228 228 208   7   0   0   0 142 219 219 218 101  11
   0   8 222 230 230 229  81   2   0   6 214 221 220 203  29   7
   0   0 141 230 230 229 160  14   5  94 222 222 221 144   9   4
   0   0  60 231 231 231 231  45  10 181 223 224 223  70   6   2
   0   0   1 202 232 232 231 139  30 226 225 224 182  22   5   2
   0   0   1 114 233 233 233 205 121 226 226 225 113  13   4   2
   0   0   1  16 201 233 233 233 222 227 227 217  31   7   2   2
   0   0   1   3 116 234 234 233 231 228 227 145  15   3   1   1
   1   2   1   2  28 235 234 233 231 229 227  69   6   0   0   0
   1   1   0   1   2 149 233 233 231 229 200  22   3   1   1   1
 223 225 221 127   5   1   1   1   1   0   0   0  86 210 207 210
 222 223 223 212  17   0   1   1   1   1   0   0 168 210 209 210
 212 224 225 224 128   4   1   2   0   0   0  41 214 212 211 195
 116 225 227 226 209  11   0   1   1   0   0 124 215 214 213 131
  30 219 228 227 228  58   1   1   1   1   0 199 217 214 211  61
   0 168 227 228 226 130   5   0   0   1  52 214 219 220 178  26
   0  77 225 227 227 205  11   1   0   0 140 216 218 220 104  15
   0   8 221 229 229 227  82   3   1   8 212 220 219 201  31  10
   0   0 141 230 230 229 162  19   7  94 221 222 219 144  12   7
   0   0  59 229 232 232 231  50  14 179 225 223 223  75  11   4
   1   0   2 201 230 232 231 141  33 223 226 225 182  24  14   5
   0   0   2 115 230 233 231 207 120 225 227 226 116  16  10   8
   0   0   1  21 202 232 233 231 223 229 227 217  38  13   9  11
   0   0   2   6 115 230 233 234 230 230 228 147  22   9   6   7
   1   1   1   4  31 231 233 232 231 229 228  73   9   4   2   2
   2   1   0   2   5 148 232 232 231 230 200  27   5   4   2   2

 225 228 209 140  63  27  21  16  12   7   6   5   3   2   1   4
 224 227 231 232 227 188 112  38  17  13  11   9   6   2   1   3
 226 228 231 232 235 237 238 217 156  76  28  18  11   7   3   5
 101 185 232 233 236 239 239 239 242 241 193 121  37  19  13   9
   0   3  51 144 225 237 239 242 244 246 250 248 236 154  74  26
   0   1   1   1   5  64 157 233 242 247 250 252 253 253 250 216
   0   1   1   2   1   1   1   9 109 200 248 250 253 254 253 254
   2   2   2   2   2   3   3   1   7  13  37 132 240 254 254 253
   1   2   2   2   3   3   3   6  18  49 148 221 252 255 254 254
   2   1   2   3   5   9  11  87 170 250 253 254 254 255 254 255
   3   3   6  13  59 137 225 252 254 254 254 255 254 253 254 162
   6  16 135 221 246 251 253 254 254 254 254 253 223 130  39   6
 127 221 240 243 248 253 253 254 254 253 224 127  23   7   4   4
 229 240 243 247 252 252 251 241 159  70   5   3   3   2   2   4
 235 241 243 244 241 189  90  14   3   3   2   2   2   1   3   2
 234 239 231 132  40   5   2   3   3   2   2   3   2   2   3   2
 211 211 196 128  57  20  11   7   4   2   2   2   2   1   0   1
 211 209 212 213 210 176 101  29   9   6   5   4   2   1   0   1
 209 209 212 214 214 217 218 203 144  70  22  13   7   3   0   1
  89 169 213 213 215 218 219 220 221 223 182 113  31  15   6   3
   0   1  42 124 202 218 219 221 222 224 224 225 217 145  69  22
   0   0   0   0   0  54 142 214 222 223 225 226 227 227 227 200
   0   0   0   0   0   0   0   6  94 181 226 226 227 228 229 229
   0   0   0   0   0   0   0   0   5  10  30 121 222 231 231 231
   0   0   0   0   0   0   0   2  14  45 139 205 233 233 233 233
   0   0   0   0   1   5   7  81 160 231 231 233 233 234 234 233
   0   0   3   9  53 130 208 229 229 231 232 233 233 234 235 149
   3  13 127 207 227 227 228 230 230 231 232 233 201 116  28   2
 125 210 222 223 225 226 228 230 230 231 202 114  16   3   2   1
 219 221 222 225 226 227 228 222 141  60   1   1   1   1   1   0
 224 221 222 223 221 171  77   8   0   0   0   0   0   0   2   1
 221 221 212 119  30   0   0   0   0   0   0   0   0   0   1   1
 210 210 195 131  61  26  15  10   7   4   5   8  11   7   2   2
 207 209 211 213 211 178 104  31  12  11  14  10   9   6   2   2
 210 210 212 214 214 220 220 201 144  75  24  16  13   9   4   4
  86 168 214 215 217 219 218 219 219 223 182 116  38  22   9   5
   0   0  41 124 199 214 216 220 222 223 225 226 217 147  73  27
   0   0   0   0   0  52 140 212 221 225 226 227 227 228 228 200
   0   1   0   0   1   1   0   8  94 179 223 225 229 230 229 230
   1   1   0   1   1   0   0   1   7  14  33 120 223 230 231 231
   1   1   2   1   1   0   1   3  19  50 141 207 231 234 232 232
   1   1   1   0   1   5  11  82 162 231 231 231 233 233 233 232
   1   0   4  11  58 130 205 227 229 232 232 233 232 230 231 148
   5  17 128 209 228 226 227 229 230 232 230 230 202 115  31   5
 127 212 224 226 227 228 227 229 230 229 201 115  21   6   4   2
 221 223 225 227 228 227 225 221 141  59   2   2   1   2   1   0
 225 223 224 225 219 168  77   8   0   0   0   0   0   0   1   1
 223 222 212 116  30   0   0   0   0   0   1   0   0   0   1   2

   4   3   5   9  26 216 254 253 254 255 162   6   4   4   2   2
   1   1   3  13  74 250 253 254 254 254 254  39   4   2   3   3
   2   2   7  19 154 253 254 254 255 255 253 130   7   2   1   2
   3   6  11  37 236 253 253 240 252 254 254 223  23   3   2   2
   5   9  18 121 248 252 250 132 221 254 255 253 127   3   2   3
   6  11  28 193 250 250 248  37 148 253 254 254 224   5   2   2
   7  13  76 241 246 247 200  13  49 250 254 254 253  70   3   2
  12  17 156 242 244 242 109   7  18 170 254 254 254 159   3   3
  16  38 217 239 242 233   9   1   6  87 252 254 254 241  14   3
  21 112 238 239 239 157   1   3   3  11 225 253 253 251  90   2
  27 188 237 239 237  64   1   3   3   9 137 251 253 252 189   5
  63 227 235 236 225   5   1   2   3   5  59 246 248 252 241  40
 140 232 232 233 144   1   2   2   2   3  13 221 243 247 244 132
 209 231 231 232  51   1   1   2   2   2   6 135 240 243 243 231
 228 227 228 185   3   1   1   2   2   1   3  16 221 240 241 239
 225 224 226 101   0   0   0   2   1   2   3   6 127 229 235 234
   1   1   1   3  22 200 229 231 233 233 149   2   1   0   1   1
   0   0   0   6  69 227 229 231 233 234 235  28   2   1   2   1
   1   1   3  15 145 227 228 231 233 234 234 116   3   1   0   0
   2   2   7  31 217 227 227 222 233 233 233 201  16   1   0   0
   2   4  13 113 225 226 226 121 205 233 233 233 114   1   0   0
   2   5  22 182 224 225 226  30 139 231 232 232 202   1   0   0
   2   6  70 223 224 223 181  10  45 231 231 231 231  60   0   0
   4   9 144 221 222 222  94   5  14 160 229 230 230 141   0   0
   7  29 203 220 221 214   6   0   2  81 229 230 230 222   8   0
  11 101 218 219 219 142   0   0   0   7 208 228 228 228  77   0
  20 176 217 218 218  54   0   0   0   5 130 227 226 227 171   0
  57 210 214 215 202   0   0   0   0   1  53 227 225 226 221  30
 128 213 214 213 124   0   0   0   0   0   9 207 223 225 223 119
 196 212 212 213  42   0   0   0   0   0   3 127 222 222 222 212
 211 209 209 169   1   0   0   0   0   0   0  13 210 221 221 221
 211 211 209  89   0   0   0   0   0   0   0   3 125 219 224 221
   2   2   4   5  27 200 230 231 232 232 148   5   2   0   1   2
   2   2   4   9  73 228 229 231 232 233 231  31   4   1   1   1
   7   6   9  22 147 228 230 230 234 233 230 115   6   2   0   0
  11   9  13  38 217 227 229 223 231 233 232 202  21   1   0   0
   8  10  16 116 226 227 225 120 207 231 233 230 115   2   0   0
   5  14  24 182 225 226 223  33 141 231 232 230 201   2   0   1
   4  11  75 223 223 225 179  14  50 231 232 232 229  59   0   0
   7  12 144 219 222 221  94   7  19 162 229 230 230 141   0   0
  10  31 201 219 220 212   8   1   3  82 227 229 229 221   8   0
  15 104 220 218 216 140   0   0   1  11 205 227 227 225  77   0
  26 178 220 219 214  52   1   0   0   5 130 226 228 227 168   0
  61 211 214 217 199   0   1   1   1   1  58 228 227 228 219  30
 131 213 214 215 124   0   0   1   1   0  11 209 226 227 225 116
 195 211 212 214  41   0   0   0   2   1   4 128 224 225 224 212
 210 209 210 168   0   0   1   1   1   1   0  17 212 223 223 222
 210 207 210  86   0   0   0   1   1   1   1   5 127 221 225 223

   2   3   2   2   3   2   2   3   3   2   5  40 132 231 239 234
   2   3   1   2   2   2   3   3  14  90 189 241 244 243 241 235
   4   2   2   3   3   5  70 159 241 251 252 252 247 243 240 229
   4   4   7  23 127 224 253 254 254 253 253 248 243 240 221 127
   6  39 130 223 253 254 254 254 254 253 251 246 221 135  16   6
 162 254 253 254 255 254 254 254 252 225 137  59  13   6   3   3
 255 254 255 254 254 253 250 170  87  11   9   5   3   2   1   2
 254 254 255 252 221 148  49  18   6   3   3   3   2   2   2   1
 253 254 254 240 132  37  13   7   1   3   3   2   2   2   2   2
 254 253 254 253 250 248 200 109   9   1   1   1   2   1   1   0
 216 250 253 253 252 250 247 242 233 157  64   5   1   1   1   0
  26  74 154 236 248 250 246 244 242 239 237 225 144  51   3   0
   9  13  19  37 121 193 241 242 239 239 239 236 233 232 185 101
   5   3   7  11  18  28  76 156 217 238 237 235 232 231 228 226
   3   1   2   6   9  11  13  17  38 112 188 227 232 231 227 224
   4   1   2   3   5   6   7  12  16  21  27  63 140 209 228 225
   1   1   0   0   0   0   0   0   0   0   0  30 119 212 221 221
   1   2   0   0   0   0   0   0   8  77 171 221 223 222 221 224
   0   1   1   1   1   1  60 141 222 228 227 226 225 222 221 219
   1   2   3  16 114 202 231 230 230 228 226 225 223 222 210 125
   2  28 116 201 233 232 231 230 230 228 227 227 207 127  13   3
 149 235 234 233 233 232 231 229 229 208 130  53   9   3   0   0
 233 234 234 233 233 231 231 160  81   7   5   1   0   0   0   0
 233 233 233 233 205 139  45  14   2   0   0   0   0   0   0   0
 231 231 231 222 121  30  10   5   0   0   0   0   0   0   0   0
 229 229 228 227 226 226 181  94   6   0   0   0   0   0   0   0
 200 227 227 227 226 225 223 222 214 142  54   0   0   0   0   0
  22  69 145 217 225 224 224 222 221 219 218 202 124  42   1   0
   3   6  15  31 113 182 223 221 220 219 218 215 213 213 169  89
   1   0   3   7  13  22  70 144 203 218 217 214 214 212 209 209
   1   0   1   2   4   5   6   9  29 101 176 210 213 212 209 211
   1   0   1   2   2   2   2   4   7  11  20  57 128 196 211 211
   2   1   0   0   0   1   0   0   0   0   0  30 116 212 222 223
   1   1   0   0   0   0   0   0   8  77 168 219 225 224 223 225
   0   1   2   1   2   2  59 141 221 225 227 228 227 225 223 221
   2   4   6  21 115 201 229 230 229 227 228 227 226 224 212 127
   5  31 115 202 230 230 232 230 229 227 226 228 209 128  17   5
 148 231 230 232 233 232 232 229 227 205 130  58  11   4   0   1
 232 233 233 233 231 231 231 162  82  11   5   1   0   1   1   1
 232 232 234 231 207 141  50  19   3   1   0   1   1   2   1   1
 231 231 230 223 120  33  14   7   1   0   0   1   1   0   1   1
 230 229 230 229 225 223 179  94   8   0   1   1   0   0   1   0
 200 228 228 227 227 226 225 221 212 140  52   0   0   0   0   0
  27  73 147 217 226 225 223 222 220 216 214 199 124  41   0   0
   5   9  22  38 116 182 223 219 219 218 219 217 215 214 168  86
   4   4   9  13  16  24  75 144 201 220 220 214 214 212 210 210
   2   2   6   9  10  14  11  12  31 104 178 211 213 211 209 207
   2   2   7  11   8   5   4   7  10  15  26  61 131 195 210 210

