 213 208 219 159  25  95 216 209 225 225 124  20 131 216 223 232
 216 218 216 184  27  97 220 226 225 224 142  24 164 226 230 230
 218 220 218 180  32 109 221 226 226 225 135  22 156 228 231 233
 220 221 219 178  34 110 222 225 226 226 149  27 150 232 233 233
 221 221 220 173  35 113 222 226 225 226 143  29 173 232 233 233
 221 221 221 189  38 112 221 226 228 226 146  29 153 232 233 234
 220 220 219 183  35 127 223 226 230 229 152  28 169 233 233 235
 220 220 220 177  30 121 225 228 230 228 132  26 175 232 234 235
 220 220 221 185  32 117 224 229 231 229 143  26 154 235 235 237
 220 221 223 187  28 121 225 229 232 231 140  28 175 235 236 236
 221 222 222 173  26 128 226 232 232 229 143  28 176 234 237 237
 221 224 222 178  29 113 227 231 233 233 146  22 171 235 239 239
 222 223 222 184  33 124 226 233 233 232 146  28 186 238 240 240
 221 223 224 178  29 134 229 233 233 232 136  27 178 236 241 241
 221 225 225 170  32 126 230 233 233 233 144  23 168 239 243 242
 219 220 223 189  30 118 226 231 232 232 148  23 191 239 240 242
 190 186 200 131   8  90 196 185 205 202  97  10 125 193 201 214
 197 199 197 156  10  95 204 206 206 205 106  16 157 209 211 211
 199 200 201 152  14 105 206 207 208 207 105  17 146 212 213 214
 200 201 201 154  16 108 206 208 209 208 122  17 141 214 214 215
 202 202 202 147  16 110 208 209 209 209 118  19 166 215 216 215
 203 203 203 160  16 110 208 209 210 208 109  18 148 215 216 216
 203 204 203 152  14 123 209 209 211 208 124  14 160 216 216 217
 202 204 204 150  15 119 209 211 212 210 105  14 165 217 217 217
 203 205 205 159  13 111 209 213 214 211 111  15 149 217 217 218
 203 206 206 161  14 115 211 213 214 211 113  15 164 217 218 218
 203 206 204 148  15 127 212 213 215 211 112  16 165 217 219 219
 203 206 205 154  15 106 213 214 215 212 115  16 161 218 221 221
 203 206 206 158  13 119 212 216 216 215 118  15 175 220 221 221
 204 206 207 149  14 128 214 216 216 215 108  14 171 221 222 221
 206 207 207 145  14 121 215 217 216 215 110  12 159 221 222 222
 206 207 208 168  11 112 215 217 217 217 117  12 182 222 222 223
 176 173 184 117   8  91 188 175 197 195  85   9 120 181 193 202
 180 184 180 137   8  96 195 197 197 194  91  11 158 201 201 200
 184 185 184 133  13 104 195 197 197 194  93  18 150 203 203 204
 186 186 183 134  12 107 197 198 199 194 105  17 143 205 204 205
 186 187 187 128  11 109 199 199 198 195 104  18 162 208 208 207
 187 186 187 146  11 108 199 199 200 196  97  17 145 205 206 207
 188 188 188 139  10 121 198 198 199 196 110  11 158 207 207 207
 188 187 187 129   8 116 197 197 200 196  93  14 164 208 210 210
 189 189 187 140  10 109 198 198 201 198  96  15 145 209 210 211
 189 187 189 138  14 114 198 200 202 201 104  14 166 210 210 211
 186 187 189 127  13 119 197 201 203 201 101  14 162 209 210 212
 187 189 189 135  12 104 198 201 203 201 102  15 156 210 211 213
 187 188 187 137  11 115 201 202 205 203 102  13 173 211 213 212
 189 191 188 130  11 122 201 204 206 204  96  14 168 213 213 213
 188 193 192 129   7 116 201 204 205 204  96  12 157 212 213 214
 187 193 194 150   5 106 204 205 204 204 101  10 178 211 213 213

 232 230 233 233 233 234 235 235 237 236 237 239 240 241 242 242
 223 230 231 233 233 233 233 234 235 236 237 239 240 241 243 240
 216 226 228 232 232 232 233 232 235 235 234 235 238 236 239 239
 131 164 156 150 173 153 169 175 154 175 176 171 186 178 168 191
  20  24  22  27  29  29  28  26  26  28  28  22  28  27  23  23
 124 142 135 149 143 146 152 132 143 140 143 146 146 136 144 148
 225 224 225 226 226 226 229 228 229 231 229 233 232 232 233 232
 225 225 226 226 225 228 230 230 231 232 232 233 233 233 233 232
 209 226 226 225 226 226 226 228 229 229 232 231 233 233 233 231
 216 220 221 222 222 221 223 225 224 225 226 227 226 229 230 226
  95  97 109 110 113 112 127 121 117 121 128 113 124 134 126 118
  25  27  32  34  35  38  35  30  32  28  26  29  33  29  32  30
 159 184 180 178 173 189 183 177 185 187 173 178 184 178 170 189
 219 216 218 219 220 221 219 220 221 223 222 222 222 224 225 223
 208 218 220 221 221 221 220 220 220 221 222 224 223 223 225 220
 213 216 218 220 221 221 220 220 220 220 221 221 222 221 221 219
 214 211 214 215 215 216 217 217 218 218 219 221 221 221 222 223
 201 211 213 214 216 216 216 217 217 218 219 221 221 222 222 222
 193 209 212 214 215 215 216 217 217 217 217 218 220 221 221 222
 125 157 146 141 166 148 160 165 149 164 165 161 175 171 159 182
  10  16  17  17  19  18  14  14  15  15  16  16  15  14  12  12
  97 106 105 122 118 109 124 105 111 113 112 115 118 108 110 117
 202 205 207 208 209 208 208 210 211 211 211 212 215 215 215 217
 205 206 208 209 209 210 211 212 214 214 215 215 216 216 216 217
 185 206 207 208 209 209 209 211 213 213 213 214 216 216 217 217
 196 204 206 206 208 208 209 209 209 211 212 213 212 214 215 215
  90  95 105 108 110 110 123 119 111 115 127 106 119 128 121 112
   8  10  14  16  16  16  14  15  13  14  15  15  13  14  14  11
 131 156 152 154 147 160 152 150 159 161 148 154 158 149 145 168
 200 197 201 201 202 203 203 204 205 206 204 205 206 207 207 208
 186 199 200 201 202 203 204 204 205 206 206 206 206 206 207 207
 190 197 199 200 202 203 203 202 203 203 203 203 203 204 206 206
 202 200 204 205 207 207 207 210 211 211 212 213 212 213 214 213
 193 201 203 204 208 206 207 210 210 210 210 211 213 213 213 213
 181 201 203 205 208 205 207 208 209 210 209 210 211 213 212 211
 120 158 150 143 162 145 158 164 145 166 162 156 173 168 157 178
   9  11  18  17  18  17  11  14  15  14  14  15  13  14  12  10
  85  91  93 105 104  97 110  93  96 104 101 102 102  96  96 101
 195 194 194 194 195 196 196 196 198 201 201 201 203 204 204 204
 197 197 197 199 198 200 199 200 201 202 203 203 205 206 205 204
 175 197 197 198 199 199 198 197 198 200 201 201 202 204 204 205
 188 195 195 197 199 199 198 197 198 198 197 198 201 201 201 204
  91  96 104 107 109 108 121 116 109 114 119 104 115 122 116 106
   8   8  13  12  11  11  10   8  10  14  13  12  11  11   7   5
 117 137 133 134 128 146 139 129 140 138 127 135 137 130 129 150
 184 180 184 183 187 187 188 187 187 189 189 189 187 188 192 194
 173 184 185 186 187 186 188 187 189 187 187 189 188 191 193 193
 176 180 184 186 186 187 188 188 189 189 186 187 187 189 188 187

 242 240 239 191  23 148 232 232 231 226 118  30 189 223 220 219
 242 243 239 168  23 144 233 233 233 230 126  32 170 225 225 221
 241 241 236 178  27 136 232 233 233 229 134  29 178 224 223 221
 240 240 238 186  28 146 232 233 233 226 124  33 184 222 223 222
 239 239 235 171  22 146 233 233 231 227 113  29 178 222 224 221
 237 237 234 176  28 143 229 232 232 226 128  26 173 222 222 221
 236 236 235 175  28 140 231 232 229 225 121  28 187 223 221 220
 237 235 235 154  26 143 229 231 229 224 117  32 185 221 220 220
 235 234 232 175  26 132 228 230 228 225 121  30 177 220 220 220
 235 233 233 169  28 152 229 230 226 223 127  35 183 219 220 220
 234 233 232 153  29 146 226 228 226 221 112  38 189 221 221 221
 233 233 232 173  29 143 226 225 226 222 113  35 173 220 221 221
 233 233 232 150  27 149 226 226 225 222 110  34 178 219 221 220
 233 231 228 156  22 135 225 226 226 221 109  32 180 218 220 218
 230 230 226 164  24 142 224 225 226 220  97  27 184 216 218 216
 232 223 216 131  20 124 225 225 209 216  95  25 159 219 208 213
 223 222 222 182  12 117 217 217 217 215 112  11 168 208 207 206
 222 222 221 159  12 110 215 216 217 215 121  14 145 207 207 206
 221 222 221 171  14 108 215 216 216 214 128  14 149 207 206 204
 221 221 220 175  15 118 215 216 216 212 119  13 158 206 206 203
 221 221 218 161  16 115 212 215 214 213 106  15 154 205 206 203
 219 219 217 165  16 112 211 215 213 212 127  15 148 204 206 203
 218 218 217 164  15 113 211 214 213 211 115  14 161 206 206 203
 218 217 217 149  15 111 211 214 213 209 111  13 159 205 205 203
 217 217 217 165  14 105 210 212 211 209 119  15 150 204 204 202
 217 216 216 160  14 124 208 211 209 209 123  14 152 203 204 203
 216 216 215 148  18 109 208 210 209 208 110  16 160 203 203 203
 215 216 215 166  19 118 209 209 209 208 110  16 147 202 202 202
 215 214 214 141  17 122 208 209 208 206 108  16 154 201 201 200
 214 213 212 146  17 105 207 208 207 206 105  14 152 201 200 199
 211 211 209 157  16 106 205 206 206 204  95  10 156 197 199 197
 214 201 193 125  10  97 202 205 185 196  90   8 131 200 186 190
 213 213 211 178  10 101 204 204 205 204 106   5 150 194 193 187
 214 213 212 157  12  96 204 205 204 201 116   7 129 192 193 188
 213 213 213 168  14  96 204 206 204 201 122  11 130 188 191 189
 212 213 211 173  13 102 203 205 202 201 115  11 137 187 188 187
 213 211 210 156  15 102 201 203 201 198 104  12 135 189 189 187
 212 210 209 162  14 101 201 203 201 197 119  13 127 189 187 186
 211 210 210 166  14 104 201 202 200 198 114  14 138 189 187 189
 211 210 209 145  15  96 198 201 198 198 109  10 140 187 189 189
 210 210 208 164  14  93 196 200 197 197 116   8 129 187 187 188
 207 207 207 158  11 110 196 199 198 198 121  10 139 188 188 188
 207 206 205 145  17  97 196 200 199 199 108  11 146 187 186 187
 207 208 208 162  18 104 195 198 199 199 109  11 128 187 187 186
 205 204 205 143  17 105 194 199 198 197 107  12 134 183 186 186
 204 203 203 150  18  93 194 197 197 195 104  13 133 184 185 184
 200 201 201 158  11  91 194 197 197 195  96   8 137 180 184 180
 202 193 181 120   9  85 195 197 175 188  91   8 117 184 173 176

 219 221 221 222 221 221 220 220 220 220 221 221 220 218 216 213
 220 225 223 223 224 222 221 220 220 220 221 221 221 220 218 208
 223 225 224 222 222 222 223 221 220 219 221 220 219 218 216 219
 189 170 178 184 178 173 187 185 177 183 189 173 178 180 184 159
  30  32  29  33  29  26  28  32  30  35  38  35  34  32  27  25
 118 126 134 124 113 128 121 117 121 127 112 113 110 109  97  95
 226 230 229 226 227 226 225 224 225 223 221 222 222 221 220 216
 231 233 233 233 231 232 229 229 228 226 226 226 225 226 226 209
 232 233 233 233 233 232 232 231 230 230 228 225 226 226 225 225
 232 233 232 232 233 229 231 229 228 229 226 226 226 225 224 225
 148 144 136 146 146 143 140 143 132 152 146 143 149 135 142 124
  23  23  27  28  22  28  28  26  26  28  29  29  27  22  24  20
 191 168 178 186 171 176 175 154 175 169 153 173 150 156 164 131
 239 239 236 238 235 234 235 235 232 233 232 232 232 228 226 216
 240 243 241 240 239 237 236 235 234 233 233 233 233 231 230 223
 242 242 241 240 239 237 236 237 235 235 234 233 233 233 230 232
 206 206 204 203 203 203 203 203 202 203 203 202 200 199 197 190
 207 207 206 206 206 206 206 205 204 204 203 202 201 200 199 186
 208 207 207 206 205 204 206 205 204 203 203 202 201 201 197 200
 168 145 149 158 154 148 161 159 150 152 160 147 154 152 156 131
  11  14  14  13  15  15  14  13  15  14  16  16  16  14  10   8
 112 121 128 119 106 127 115 111 119 123 110 110 108 105  95  90
 215 215 214 212 213 212 211 209 209 209 208 208 206 206 204 196
 217 217 216 216 214 213 213 213 211 209 209 209 208 207 206 185
 217 216 216 216 215 215 214 214 212 211 210 209 209 208 206 205
 217 215 215 215 212 211 211 211 210 208 208 209 208 207 205 202
 117 110 108 118 115 112 113 111 105 124 109 118 122 105 106  97
  12  12  14  15  16  16  15  15  14  14  18  19  17  17  16  10
 182 159 171 175 161 165 164 149 165 160 148 166 141 146 157 125
 222 221 221 220 218 217 217 217 217 216 215 215 214 212 209 193
 222 222 222 221 221 219 218 217 217 216 216 216 214 213 211 201
 223 222 221 221 221 219 218 218 217 217 216 215 215 214 211 214
 187 188 189 187 187 186 189 189 188 188 187 186 186 184 180 176
 193 193 191 188 189 187 187 189 187 188 186 187 186 185 184 173
 194 192 188 187 189 189 189 187 187 188 187 187 183 184 180 184
 150 129 130 137 135 127 138 140 129 139 146 128 134 133 137 117
   5   7  11  11  12  13  14  10   8  10  11  11  12  13   8   8
 106 116 122 115 104 119 114 109 116 121 108 109 107 104  96  91
 204 201 201 201 198 197 198 198 197 198 199 199 197 195 195 188
 205 204 204 202 201 201 200 198 197 198 199 199 198 197 197 175
 204 205 206 205 203 203 202 201 200 199 200 198 199 197 197 197
 204 204 204 203 201 201 201 198 196 196 196 195 194 194 194 195
 101  96  96 102 102 101 104  96  93 110  97 104 105  93  91  85
  10  12  14  13  15  14  14  15  14  11  17  18  17  18  11   9
 178 157 168 173 156 162 166 145 164 158 145 162 143 150 158 120
 211 212 213 211 210 209 210 209 208 207 205 208 205 203 201 181
 213 213 213 213 211 210 210 210 210 207 206 208 204 203 201 193
 213 214 213 212 213 212 211 211 210 207 207 207 205 204 200 202

