 220 160   7   7 191 236 234 191  19   2   2   1   1   1   2  65
 233 172   9   6 122 229 233 235  68   2   2   1   0   1   4 151
 233 170  10   4  51 228 234 234 152   6   1   1   0   2   6 221
 233 169   9   2  16 183 236 235 220  31   3   1   1   1  38 229
 236 166  11   4  12 116 235 240 239  84   5   1   2   3 115 230
 240 158  13  12  13  41 229 240 241 166  11   1   1   7 195 234
 241 155  12  10  11  22 167 238 243 228  42   9   8  48 237 238
 244 157  11  10  12  14  93 239 245 246 126  19  23 162 239 238
 247 152  16   9  12  11  31 210 246 245 204  33  31 230 242 239
 249 163  14  11  12  12  19 136 244 249 245  77  97 242 247 240
 250 170  13  12  11  12  14  60 241 252 249 154 178 250 249 186
 252 166  25  13  12   8   7  24 192 252 253 231 246 252 250 106
 251 160  19   7   7   5   7  17 119 248 254 254 254 253 238  27
 253 160  16   2   2   4   5   9  45 235 254 254 254 254 153  15
 254 157  14   3   2   4   3   4  17 159 253 254 254 252  89   5
 251 150  11   2   0   1   1   2   6  75 246 250 251 242  37   3
 201 138   0   5 186 222 219 170   0   0   0   0   1   1   1  56
 216 146   0   5 119 216 216 218  39   0   1   1   1   0   2 140
 217 144   0   3  48 220 218 217 122   0   1   1   2   0   2 212
 218 139   2   2  11 177 220 219 200   1   1   1   1   0  29 215
 219 134   3   2   6 108 221 221 222  53   1   1   0   2 106 217
 220 124   8   6   8  35 221 223 222 133   1   0   0   3 180 219
 222 119   9   8   8  17 162 224 223 212  12   6   7  40 224 221
 224 118  10   9  10  14  89 226 226 225  90  13  18 153 223 222
 225 112  10   9  10  11  26 205 228 227 184  14  24 217 225 224
 227 125  11  10  10  10  15 131 230 229 229  45  90 229 227 222
 229 143  11  11  10   9  10  55 230 230 230 119 162 230 228 167
 230 141  10  11   7   5   5  18 183 234 233 208 228 232 229  83
 230 136   6   5   5   2   3  11 109 233 234 234 234 232 217   9
 231 129   2   1   1   0   2   5  36 226 235 235 235 233 130   4
 233 126   0   1   1   1   1   0  11 152 236 235 235 233  66   2
 232 120   0   1   0   0   0   0   4  73 238 237 237 231  18   0
 189 131   0   3 181 212 206 154   0   0   0   0   0   0   0  52
 208 135   0   8 122 208 208 209  31   0   0   0   0   0   0 137
 209 135   0   4  50 216 209 208 110   0   0   0   0   0   1 207
 209 129   0   1  12 176 212 211 189   0   0   0   0   0  28 209
 210 122   0   1   7 109 215 213 213  47   0   0   0   0 102 209
 213 115   3   6   9  35 218 215 213 125   0   0   0   3 177 213
 215 113   4   8  10  17 164 217 215 202   6   3   6  38 218 217
 216 108   7   7  10  14  90 221 219 219  81   8  16 149 218 218
 218 104   6   6   7  11  28 204 221 219 173   9  23 214 218 217
 218 117   6   6   7   9  14 129 222 220 220  35  87 223 220 215
 220 133   5   6  10   7   8  57 227 223 221 110 160 223 221 161
 223 131   2   5   7   2   4  21 182 225 224 201 222 223 222  78
 222 125   1   1   1   1   0   7 108 228 226 225 227 224 210   5
 223 123   0   0   0   0   0   4  36 223 227 227 226 226 123   1
 224 116   0   0   0   0   0   0  11 154 228 226 226 224  60   0
 222 107   0   0   0   0   0   0   5  72 232 229 230 223  14   0

  65 151 221 229 230 234 238 238 239 240 186 106  27  15   5   3
   2   4   6  38 115 195 237 239 242 247 249 250 238 153  89  37
   1   1   2   1   3   7  48 162 230 242 250 252 253 254 252 242
   1   0   0   1   2   1   8  23  31  97 178 246 254 254 254 251
   1   1   1   1   1   1   9  19  33  77 154 231 254 254 254 250
   2   2   1   3   5  11  42 126 204 245 249 253 254 254 253 246
   2   2   6  31  84 166 228 246 245 249 252 252 248 235 159  75
  19  68 152 220 239 241 243 245 246 244 241 192 119  45  17   6
 191 235 234 235 240 240 238 239 210 136  60  24  17   9   4   2
 234 233 234 236 235 229 167  93  31  19  14   7   7   5   3   1
 236 229 228 183 116  41  22  14  11  12  12   8   5   4   4   1
 191 122  51  16  12  13  11  12  12  12  11  12   7   2   2   0
   7   6   4   2   4  12  10  10   9  11  12  13   7   2   3   2
   7   9  10   9  11  13  12  11  16  14  13  25  19  16  14  11
 160 172 170 169 166 158 155 157 152 163 170 166 160 160 157 150
 220 233 233 233 236 240 241 244 247 249 250 252 251 253 254 251
  56 140 212 215 217 219 221 222 224 222 167  83   9   4   2   0
   1   2   2  29 106 180 224 223 225 227 228 229 217 130  66  18
   1   0   0   0   2   3  40 153 217 229 230 232 232 233 233 231
   1   1   2   1   0   0   7  18  24  90 162 228 234 235 235 237
   0   1   1   1   1   0   6  13  14  45 119 208 234 235 235 237
   0   1   1   1   1   1  12  90 184 229 230 233 234 235 236 238
   0   0   0   1  53 133 212 225 227 229 230 234 233 226 152  73
   0  39 122 200 222 222 223 226 228 230 230 183 109  36  11   4
 170 218 217 219 221 223 224 226 205 131  55  18  11   5   0   0
 219 216 218 220 221 221 162  89  26  15  10   5   3   2   1   0
 222 216 220 177 108  35  17  14  11  10   9   5   2   0   1   0
 186 119  48  11   6   8   8  10  10  10  10   7   5   1   1   0
   5   5   3   2   2   6   8   9   9  10  11  11   5   1   1   1
   0   0   0   2   3   8   9  10  10  11  11  10   6   2   0   0
 138 146 144 139 134 124 119 118 112 125 143 141 136 129 126 120
 201 216 217 218 219 220 222 224 225 227 229 230 230 231 233 232
  52 137 207 209 209 213 217 218 217 215 161  78   5   1   0   0
   0   0   1  28 102 177 218 218 218 220 221 222 210 123  60  14
   0   0   0   0   0   3  38 149 214 223 223 223 224 226 224 223
   0   0   0   0   0   0   6  16  23  87 160 222 227 226 226 230
   0   0   0   0   0   0   3   8   9  35 110 201 225 227 226 229
   0   0   0   0   0   0   6  81 173 220 221 224 226 227 228 232
   0   0   0   0  47 125 202 219 219 220 223 225 228 223 154  72
   0  31 110 189 213 213 215 219 221 222 227 182 108  36  11   5
 154 209 208 211 213 215 217 221 204 129  57  21   7   4   0   0
 206 208 209 212 215 218 164  90  28  14   8   4   0   0   0   0
 212 208 216 176 109  35  17  14  11   9   7   2   1   0   0   0
 181 122  50  12   7   9  10  10   7   7  10   7   1   0   0   0
   3   8   4   1   1   6   8   7   6   6   6   5   1   0   0   0
   0   0   0   0   0   3   4   7   6   6   5   2   1   0   0   0
 131 135 135 129 122 115 113 108 104 117 133 131 125 123 116 107
 189 208 209 209 210 213 215 216 218 218 220 223 222 223 224 222

   3  37 242 251 250 246  75   6   2   1   1   0   2  11 150 251
   5  89 252 254 254 253 159  17   4   3   4   2   3  14 157 254
  15 153 254 254 254 254 235  45   9   5   4   2   2  16 160 253
  27 238 253 254 254 254 248 119  17   7   5   7   7  19 160 251
 106 250 252 246 231 253 252 192  24   7   8  12  13  25 166 252
 186 249 250 178 154 249 252 241  60  14  12  11  12  13 170 250
 240 247 242  97  77 245 249 244 136  19  12  12  11  14 163 249
 239 242 230  31  33 204 245 246 210  31  11  12   9  16 152 247
 238 239 162  23  19 126 246 245 239  93  14  12  10  11 157 244
 238 237  48   8   9  42 228 243 238 167  22  11  10  12 155 241
 234 195   7   1   1  11 166 241 240 229  41  13  12  13 158 240
 230 115   3   2   1   5  84 239 240 235 116  12   4  11 166 236
 229  38   1   1   1   3  31 220 235 236 183  16   2   9 169 233
 221   6   2   0   1   1   6 152 234 234 228  51   4  10 170 233
 151   4   1   0   1   2   2  68 235 233 229 122   6   9 172 233
  65   2   1   1   1   2   2  19 191 234 236 191   7   7 160 220
   0  18 231 237 237 238  73   4   0   0   0   0   1   0 120 232
   2  66 233 235 235 236 152  11   0   1   1   1   1   0 126 233
   4 130 233 235 235 235 226  36   5   2   0   1   1   2 129 231
   9 217 232 234 234 234 233 109  11   3   2   5   5   6 136 230
  83 229 232 228 208 233 234 183  18   5   5   7  11  10 141 230
 167 228 230 162 119 230 230 230  55  10   9  10  11  11 143 229
 222 227 229  90  45 229 229 230 131  15  10  10  10  11 125 227
 224 225 217  24  14 184 227 228 205  26  11  10   9  10 112 225
 222 223 153  18  13  90 225 226 226  89  14  10   9  10 118 224
 221 224  40   7   6  12 212 223 224 162  17   8   8   9 119 222
 219 180   3   0   0   1 133 222 223 221  35   8   6   8 124 220
 217 106   2   0   1   1  53 222 221 221 108   6   2   3 134 219
 215  29   0   1   1   1   1 200 219 220 177  11   2   2 139 218
 212   2   0   2   1   1   0 122 217 218 220  48   3   0 144 217
 140   2   0   1   1   1   0  39 218 216 216 119   5   0 146 216
  56   1   1   1   0   0   0   0 170 219 222 186   5   0 138 201
   0  14 223 230 229 232  72   5   0   0   0   0   0   0 107 222
   0  60 224 226 226 228 154  11   0   0   0   0   0   0 116 224
   1 123 226 226 227 227 223  36   4   0   0   0   0   0 123 223
   5 210 224 227 225 226 228 108   7   0   1   1   1   1 125 222
  78 222 223 222 201 224 225 182  21   4   2   7   5   2 131 223
 161 221 223 160 110 221 223 227  57   8   7  10   6   5 133 220
 215 220 223  87  35 220 220 222 129  14   9   7   6   6 117 218
 217 218 214  23   9 173 219 221 204  28  11   7   6   6 104 218
 218 218 149  16   8  81 219 219 221  90  14  10   7   7 108 216
 217 218  38   6   3   6 202 215 217 164  17  10   8   4 113 215
 213 177   3   0   0   0 125 213 215 218  35   9   6   3 115 213
 209 102   0   0   0   0  47 213 213 215 109   7   1   0 122 210
 209  28   0   0   0   0   0 189 211 212 176  12   1   0 129 209
 207   1   0   0   0   0   0 110 208 209 216  50   4   0 135 209
 137   0   0   0   0   0   0  31 209 208 208 122   8   0 135 208
  52   0   0   0   0   0   0   0 154 206 212 181   3   0 131 189

 251 254 253 251 252 250 249 247 244 241 240 236 233 233 233 220
 150 157 160 160 166 170 163 152 157 155 158 166 169 170 172 160
  11  14  16  19  25  13  14  16  11  12  13  11   9  10   9   7
   2   3   2   7  13  12  11   9  10  10  12   4   2   4   6   7
   0   2   2   7  12  11  12  12  12  11  13  12  16  51 122 191
   1   4   4   5   8  12  12  11  14  22  41 116 183 228 229 236
   1   3   5   7   7  14  19  31  93 167 229 235 236 234 233 234
   2   4   9  17  24  60 136 210 239 238 240 240 235 234 235 191
   6  17  45 119 192 241 244 246 245 243 241 239 220 152  68  19
  75 159 235 248 252 252 249 245 246 228 166  84  31   6   2   2
 246 253 254 254 253 249 245 204 126  42  11   5   3   1   2   2
 250 254 254 254 231 154  77  33  19   9   1   1   1   1   1   1
 251 254 254 254 246 178  97  31  23   8   1   2   1   0   0   1
 242 252 254 253 252 250 242 230 162  48   7   3   1   2   1   1
  37  89 153 238 250 249 247 242 239 237 195 115  38   6   4   2
   3   5  15  27 106 186 240 239 238 238 234 230 229 221 151  65
 232 233 231 230 230 229 227 225 224 222 220 219 218 217 216 201
 120 126 129 136 141 143 125 112 118 119 124 134 139 144 146 138
   0   0   2   6  10  11  11  10  10   9   8   3   2   0   0   0
   1   1   1   5  11  11  10   9   9   8   6   2   2   3   5   5
   0   1   1   5   7  10  10  10  10   8   8   6  11  48 119 186
   0   1   0   2   5   9  10  11  14  17  35 108 177 220 216 222
   0   1   2   3   5  10  15  26  89 162 221 221 220 218 216 219
   0   0   5  11  18  55 131 205 226 224 223 221 219 217 218 170
   4  11  36 109 183 230 230 228 226 223 222 222 200 122  39   0
  73 152 226 233 234 230 229 227 225 212 133  53   1   0   0   0
 238 236 235 234 233 230 229 184  90  12   1   1   1   1   1   0
 237 235 235 234 208 119  45  14  13   6   0   1   1   1   1   0
 237 235 235 234 228 162  90  24  18   7   0   0   1   2   1   1
 231 233 233 232 232 230 229 217 153  40   3   2   0   0   0   1
  18  66 130 217 229 228 227 225 223 224 180 106  29   2   2   1
   0   2   4   9  83 167 222 224 222 221 219 217 215 212 140  56
 222 224 223 222 223 220 218 218 216 215 213 210 209 209 208 189
 107 116 123 125 131 133 117 104 108 113 115 122 129 135 135 131
   0   0   0   1   2   5   6   6   7   4   3   0   0   0   0   0
   0   0   0   1   5   6   6   6   7   8   6   1   1   4   8   3
   0   0   0   1   7  10   7   7  10  10   9   7  12  50 122 181
   0   0   0   1   2   7   9  11  14  17  35 109 176 216 208 212
   0   0   0   0   4   8  14  28  90 164 218 215 212 209 208 206
   0   0   4   7  21  57 129 204 221 217 215 213 211 208 209 154
   5  11  36 108 182 227 222 221 219 215 213 213 189 110  31   0
  72 154 223 228 225 223 220 219 219 202 125  47   0   0   0   0
 232 228 227 226 224 221 220 173  81   6   0   0   0   0   0   0
 229 226 227 225 201 110  35   9   8   3   0   0   0   0   0   0
 230 226 226 227 222 160  87  23  16   6   0   0   0   0   0   0
 223 224 226 224 223 223 223 214 149  38   3   0   0   0   0   0
  14  60 123 210 222 221 220 218 218 218 177 102  28   1   0   0
   0   0   1   5  78 161 215 217 218 217 213 209 209 207 137  52

