 202 255 255 255 255 251 127 110 107 111 201 255 255 255 255 247
 208 255 255 255 255 248 134 109 111 114 211 255 255 255 255 255
 204 255 255 255 255 255 134 112 116 121 201 255 255 255 255 255
 206 255 255 255 255 252 143 114 118 121 206 255 255 255 255 255
 200 255 255 255 255 253 141 117 118 123 204 255 255 255 255 255
 205 255 255 255 255 254 143 122 120 124 204 255 255 255 255 255
 200 255 255 255 255 252 153 129 124 130 208 255 255 255 255 255
 202 255 255 255 255 254 153 127 128 130 202 255 255 255 255 255
 204 255 255 255 255 253 143 120 119 123 205 255 255 255 255 255
 200 255 255 255 255 255 147 120 119 127 201 255 255 255 255 255
 201 255 255 255 255 252 152 122 120 123 206 255 255 255 255 255
 197 255 255 255 255 255 150 122 121 125 196 255 255 255 255 255
 202 255 255 255 255 252 146 125 127 129 204 255 255 255 255 255
 192 255 255 255 255 253 142 117 115 118 200 255 255 255 255 255
 197 255 255 255 255 253 140 111 110 114 197 255 255 255 255 255
 188 255 255 255 255 251 135 106 105 114 196 255 255 255 255 254
 196 255 255 255 255 249 104  83  82  90 195 255 255 255 255 244
 204 255 255 255 255 246 114  86  86  94 206 255 255 255 255 255
 201 255 255 255 255 253 113  88  88  96 196 255 255 255 255 254
 203 255 255 255 255 248 119  93  91  99 203 255 255 255 255 255
 193 255 255 255 255 252 122  95  94 102 197 255 255 255 255 255
 200 255 255 255 255 252 123  93  94 100 198 255 255 255 255 255
 197 255 255 255 255 251 127 105 105 108 201 255 255 255 255 255
 197 255 255 255 255 254 134 109 104 107 197 255 255 255 255 255
 198 255 255 255 255 251 129  98  94  97 200 255 255 255 255 255
 194 255 255 255 255 254 126 102 101 106 194 255 255 255 255 255
 197 255 255 255 255 250 133 103 101 104 202 255 255 255 255 255
 192 255 255 255 255 255 126  98  98 104 193 255 255 255 255 254
 198 255 255 255 255 251 133 109 105 107 201 255 255 255 255 255
 187 255 255 255 255 253 124  91  88  98 193 255 255 255 255 255
 192 255 255 255 255 252 119  87  85  90 190 255 255 255 255 254
 184 255 255 255 255 250 114  81  81  83 187 255 255 255 255 253
 196 255 255 255 255 249 103  80  78  86 195 255 255 255 255 245
 203 255 255 255 255 246 113  82  84  95 207 255 255 255 255 255
 201 255 255 255 255 253 114  84  84  95 197 255 255 255 255 254
 204 255 255 255 255 249 117  85  83  97 204 255 255 255 255 255
 193 255 255 255 255 252 116  89  91 103 198 255 255 255 255 255
 200 255 255 255 255 251 118  87  88  98 198 255 255 255 255 255
 197 255 255 255 255 251 125  97  94 105 202 255 255 255 255 255
 199 255 255 255 255 253 131 101  96 105 198 255 255 255 255 255
 199 255 255 255 255 251 121  89  91  99 201 255 255 255 255 255
 195 255 255 255 255 254 123  98  97 104 195 255 255 255 255 255
 197 255 255 255 255 250 131  96  95 105 202 255 255 255 255 255
 193 255 255 255 255 255 127  97  97 107 194 255 255 255 255 254
 200 255 255 255 255 250 132 102 100 108 201 255 255 255 255 255
 187 255 255 255 255 253 121  87  82  92 193 255 255 255 255 255
 192 255 255 255 255 252 117  83  81  90 191 255 255 255 255 254
 185 255 255 255 255 250 113  80  75  82 188 255 255 255 255 253

 247 255 255 255 255 255 255 255 255 255 255 255 255 255 255 254
 255 255 255 255 255 255 255 255 255 255 255 255 255 255 255 255
 255 255 255 255 255 255 255 255 255 255 255 255 255 255 255 255
 255 255 255 255 255 255 255 255 255 255 255 255 255 255 255 255
 255 255 255 255 255 255 255 255 255 255 255 255 255 255 255 255
 201 211 201 206 204 204 208 202 205 201 206 196 204 200 197 196
 111 114 121 121 123 124 130 130 123 127 123 125 129 118 114 114
 107 111 116 118 118 120 124 128 119 119 120 121 127 115 110 105
 110 109 112 114 117 122 129 127 120 120 122 122 125 117 111 106
 127 134 134 143 141 143 153 153 143 147 152 150 146 142 140 135
 251 248 255 252 253 254 252 254 253 255 252 255 252 253 253 251
 255 255 255 255 255 255 255 255 255 255 255 255 255 255 255 255
 255 255 255 255 255 255 255 255 255 255 255 255 255 255 255 255
 255 255 255 255 255 255 255 255 255 255 255 255 255 255 255 255
 255 255 255 255 255 255 255 255 255 255 255 255 255 255 255 255
 202 208 204 206 200 205 200 202 204 200 201 197 202 192 197 188
 244 255 254 255 255 255 255 255 255 255 255 254 255 255 254 253
 255 255 255 255 255 255 255 255 255 255 255 255 255 255 255 255
 255 255 255 255 255 255 255 255 255 255 255 255 255 255 255 255
 255 255 255 255 255 255 255 255 255 255 255 255 255 255 255 255
 255 255 255 255 255 255 255 255 255 255 255 255 255 255 255 255
 195 206 196 203 197 198 201 197 200 194 202 193 201 193 190 187
  90  94  96  99 102 100 108 107  97 106 104 104 107  98  90  83
  82  86  88  91  94  94 105 104  94 101 101  98 105  88  85  81
  83  86  88  93  95  93 105 109  98 102 103  98 109  91  87  81
 104 114 113 119 122 123 127 134 129 126 133 126 133 124 119 114
 249 246 253 248 252 252 251 254 251 254 250 255 251 253 252 250
 255 255 255 255 255 255 255 255 255 255 255 255 255 255 255 255
 255 255 255 255 255 255 255 255 255 255 255 255 255 255 255 255
 255 255 255 255 255 255 255 255 255 255 255 255 255 255 255 255
 255 255 255 255 255 255 255 255 255 255 255 255 255 255 255 255
 196 204 201 203 193 200 197 197 198 194 197 192 198 187 192 184
 245 255 254 255 255 255 255 255 255 255 255 254 255 255 254 253
 255 255 255 255 255 255 255 255 255 255 255 255 255 255 255 255
 255 255 255 255 255 255 255 255 255 255 255 255 255 255 255 255
 255 255 255 255 255 255 255 255 255 255 255 255 255 255 255 255
 255 255 255 255 255 255 255 255 255 255 255 255 255 255 255 255
 195 207 197 204 198 198 202 198 201 195 202 194 201 193 191 188
  86  95  95  97 103  98 105 105  99 104 105 107 108  92  90  82
  78  84  84  83  91  88  94  96  91  97  95  97 100  82  81  75
  80  82  84  85  89  87  97 101  89  98  96  97 102  87  83  80
 103 113 114 117 116 118 125 131 121 123 131 127 132 121 117 113
 249 246 253 249 252 251 251 253 251 254 250 255 250 253 252 250
 255 255 255 255 255 255 255 255 255 255 255 255 255 255 255 255
 255 255 255 255 255 255 255 255 255 255 255 255 255 255 255 255
 255 255 255 255 255 255 255 255 255 255 255 255 255 255 255 255
 255 255 255 255 255 255 255 255 255 255 255 255 255 255 255 255
 196 203 201 204 193 200 197 199 199 195 197 193 200 187 192 185

 254 255 255 255 255 196 114 105 106 135 251 255 255 255 255 188
 255 255 255 255 255 197 114 110 111 140 253 255 255 255 255 197
 255 255 255 255 255 200 118 115 117 142 253 255 255 255 255 192
 255 255 255 255 255 204 129 127 125 146 252 255 255 255 255 202
 255 255 255 255 255 196 125 121 122 150 255 255 255 255 255 197
 255 255 255 255 255 206 123 120 122 152 252 255 255 255 255 201
 255 255 255 255 255 201 127 119 120 147 255 255 255 255 255 200
 255 255 255 255 255 205 123 119 120 143 253 255 255 255 255 204
 255 255 255 255 255 202 130 128 127 153 254 255 255 255 255 202
 255 255 255 255 255 208 130 124 129 153 252 255 255 255 255 200
 255 255 255 255 255 204 124 120 122 143 254 255 255 255 255 205
 255 255 255 255 255 204 123 118 117 141 253 255 255 255 255 200
 255 255 255 255 255 206 121 118 114 143 252 255 255 255 255 206
 255 255 255 255 255 201 121 116 112 134 255 255 255 255 255 204
 255 255 255 255 255 211 114 111 109 134 248 255 255 255 255 208
 247 255 255 255 255 201 111 107 110 127 251 255 255 255 255 202
 253 255 255 255 255 187  83  81  81 114 250 255 255 255 255 184
 254 255 255 255 255 190  90  85  87 119 252 255 255 255 255 192
 255 255 255 255 255 193  98  88  91 124 253 255 255 255 255 187
 255 255 255 255 255 201 107 105 109 133 251 255 255 255 255 198
 254 255 255 255 255 193 104  98  98 126 255 255 255 255 255 192
 255 255 255 255 255 202 104 101 103 133 250 255 255 255 255 197
 255 255 255 255 255 194 106 101 102 126 254 255 255 255 255 194
 255 255 255 255 255 200  97  94  98 129 251 255 255 255 255 198
 255 255 255 255 255 197 107 104 109 134 254 255 255 255 255 197
 255 255 255 255 255 201 108 105 105 127 251 255 255 255 255 197
 255 255 255 255 255 198 100  94  93 123 252 255 255 255 255 200
 255 255 255 255 255 197 102  94  95 122 252 255 255 255 255 193
 255 255 255 255 255 203  99  91  93 119 248 255 255 255 255 203
 254 255 255 255 255 196  96  88  88 113 253 255 255 255 255 201
 255 255 255 255 255 206  94  86  86 114 246 255 255 255 255 204
 244 255 255 255 255 195  90  82  83 104 249 255 255 255 255 196
 253 255 255 255 255 188  82  75  80 113 250 255 255 255 255 185
 254 255 255 255 255 191  90  81  83 117 252 255 255 255 255 192
 255 255 255 255 255 193  92  82  87 121 253 255 255 255 255 187
 255 255 255 255 255 201 108 100 102 132 250 255 255 255 255 200
 254 255 255 255 255 194 107  97  97 127 255 255 255 255 255 193
 255 255 255 255 255 202 105  95  96 131 250 255 255 255 255 197
 255 255 255 255 255 195 104  97  98 123 254 255 255 255 255 195
 255 255 255 255 255 201  99  91  89 121 251 255 255 255 255 199
 255 255 255 255 255 198 105  96 101 131 253 255 255 255 255 199
 255 255 255 255 255 202 105  94  97 125 251 255 255 255 255 197
 255 255 255 255 255 198  98  88  87 118 251 255 255 255 255 200
 255 255 255 255 255 198 103  91  89 116 252 255 255 255 255 193
 255 255 255 255 255 204  97  83  85 117 249 255 255 255 255 204
 254 255 255 255 255 197  95  84  84 114 253 255 255 255 255 201
 255 255 255 255 255 207  95  84  82 113 246 255 255 255 255 203
 245 255 255 255 255 195  86  78  80 103 249 255 255 255 255 196

 188 197 192 202 197 201 200 204 202 200 205 200 206 204 208 202
 255 255 255 255 255 255 255 255 255 255 255 255 255 255 255 255
 255 255 255 255 255 255 255 255 255 255 255 255 255 255 255 255
 255 255 255 255 255 255 255 255 255 255 255 255 255 255 255 255
 255 255 255 255 255 255 255 255 255 255 255 255 255 255 255 255
 251 253 253 252 255 252 255 253 254 252 254 253 252 255 248 251
 135 140 142 146 150 152 147 143 153 153 143 141 143 134 134 127
 106 111 117 125 122 122 120 120 127 129 122 117 114 112 109 110
 105 110 115 127 121 120 119 119 128 124 120 118 118 116 111 107
 114 114 118 129 125 123 127 123 130 130 124 123 121 121 114 111
 196 197 200 204 196 206 201 205 202 208 204 204 206 201 211 201
 255 255 255 255 255 255 255 255 255 255 255 255 255 255 255 255
 255 255 255 255 255 255 255 255 255 255 255 255 255 255 255 255
 255 255 255 255 255 255 255 255 255 255 255 255 255 255 255 255
 255 255 255 255 255 255 255 255 255 255 255 255 255 255 255 255
 254 255 255 255 255 255 255 255 255 255 255 255 255 255 255 247
 184 192 187 198 192 197 194 198 197 197 200 193 203 201 204 196
 255 255 255 255 255 255 255 255 255 255 255 255 255 255 255 255
 255 255 255 255 255 255 255 255 255 255 255 255 255 255 255 255
 255 255 255 255 255 255 255 255 255 255 255 255 255 255 255 255
 255 255 255 255 255 255 255 255 255 255 255 255 255 255 255 255
 250 252 253 251 255 250 254 251 254 251 252 252 248 253 246 249
 114 119 124 133 126 133 126 129 134 127 123 122 119 113 114 104
  81  87  91 109  98 103 102  98 109 105  93  95  93  88  86  83
  81  85  88 105  98 101 101  94 104 105  94  94  91  88  86  82
  83  90  98 107 104 104 106  97 107 108 100 102  99  96  94  90
 187 190 193 201 193 202 194 200 197 201 198 197 203 196 206 195
 255 255 255 255 255 255 255 255 255 255 255 255 255 255 255 255
 255 255 255 255 255 255 255 255 255 255 255 255 255 255 255 255
 255 255 255 255 255 255 255 255 255 255 255 255 255 255 255 255
 255 255 255 255 255 255 255 255 255 255 255 255 255 255 255 255
 253 254 255 255 254 255 255 255 255 255 255 255 255 254 255 244
 185 192 187 200 193 197 195 199 199 197 200 193 204 201 203 196
 255 255 255 255 255 255 255 255 255 255 255 255 255 255 255 255
 255 255 255 255 255 255 255 255 255 255 255 255 255 255 255 255
 255 255 255 255 255 255 255 255 255 255 255 255 255 255 255 255
 255 255 255 255 255 255 255 255 255 255 255 255 255 255 255 255
 250 252 253 250 255 250 254 251 253 251 251 252 249 253 246 249
 113 117 121 132 127 131 123 121 131 125 118 116 117 114 113 103
  80  83  87 102  97  96  98  89 101  97  87  89  85  84  82  80
  75  81  82 100  97  95  97  91  96  94  88  91  83  84  84  78
  82  90  92 108 107 105 104  99 105 105  98 103  97  95  95  86
 188 191 193 201 194 202 195 201 198 202 198 198 204 197 207 195
 255 255 255 255 255 255 255 255 255 255 255 255 255 255 255 255
 255 255 255 255 255 255 255 255 255 255 255 255 255 255 255 255
 255 255 255 255 255 255 255 255 255 255 255 255 255 255 255 255
 255 255 255 255 255 255 255 255 255 255 255 255 255 255 255 255
 253 254 255 255 254 255 255 255 255 255 255 255 255 254 255 245

