  72  71  73  80  92 179 255 255 255 255 255 140  83  75  69  68
  66  69  73  78  93 172 255 255 255 255 255 136  83  75  67  65
  62  70  75  82  94 175 255 255 255 255 255 144  88  80  69  65
  69  70  76  79  95 177 255 255 255 255 255 143  89  77  73  69
  68  67  75  85  95 172 255 255 255 255 255 149  88  82  73  64
  67  68  78  82  97 179 255 255 255 255 255 146  88  78  73  68
  67  70  74  83  94 168 255 255 255 255 255 153  92  80  78  68
  67  69  76  79  93 172 255 255 255 255 255 151  94  81  74  72
  67  71  76  81  91 172 255 255 255 255 255 151  95  84  78  67
  65  69  73  78  91 168 255 255 255 255 255 156  95  82  72  68
  69  67  70  75  93 173 255 255 255 255 255 147  90  80  74  69
  61  63  74  76  86 162 255 255 255 255 255 151  86  77  72  65
  59  62  66  71  84 162 255 255 255 255 255 141  85  78  70  70
  61  60  65  75  82 165 255 255 255 255 255 145  85  73  72  65
  60  57  66  69  78 152 255 255 255 255 255 139  84  75  70  66
  58  60  60  67  74 154 255 255 255 255 255 134  81  71  66  61
  47  49  55  62  71 173 255 255 255 255 255 119  62  56  54  51
  48  51  56  62  72 165 255 255 255 255 255 122  64  56  54  53
  49  51  57  62  72 171 255 255 255 255 255 131  64  57  52  54
  48  50  57  63  72 167 255 255 255 255 255 128  66  57  52  52
  48  50  56  63  75 166 255 255 255 255 255 136  69  58  53  51
  48  50  53  64  73 173 255 255 255 255 255 133  71  59  55  52
  49  49  54  63  75 164 255 255 255 255 255 139  72  64  56  52
  50  51  54  60  73 168 255 255 255 255 255 137  76  66  58  49
  49  50  53  61  71 164 255 255 255 255 255 139  76  66  56  49
  48  50  55  60  69 159 255 255 255 255 255 139  72  61  54  48
  45  50  54  60  70 164 255 255 255 255 255 130  70  60  54  49
  45  47  51  58  68 158 255 255 255 255 255 136  71  60  56  52
  46  48  51  57  65 159 255 255 255 255 255 131  69  60  55  50
  43  46  49  55  63 159 255 255 255 255 255 132  67  60  53  50
  43  46  48  52  61 146 255 255 255 255 255 125  65  56  50  48
  42  44  48  51  55 147 255 255 255 255 255 118  61  54  49  45
  51  51  57  63  74 177 255 255 255 255 255 122  65  57  55  52
  49  50  58  63  75 168 255 255 255 255 255 124  66  59  56  56
  50  54  59  64  75 174 255 255 255 255 255 133  70  61  55  54
  47  50  59  66  77 171 255 255 255 255 255 132  70  60  55  55
  50  51  57  67  77 167 255 255 255 255 255 138  71  60  55  53
  49  52  57  68  77 175 255 255 255 255 255 135  71  62  59  54
  51  51  56  63  76 167 255 255 255 255 255 141  75  67  59  55
  49  52  56  63  76 170 255 255 255 255 255 140  78  67  60  55
  52  53  56  61  72 167 255 255 255 255 255 143  79  67  58  51
  51  52  58  61  71 161 255 255 255 255 255 140  76  66  55  53
  49  52  56  62  74 167 255 255 255 255 255 134  74  63  57  53
  48  50  54  59  72 161 255 255 255 255 255 140  73  63  58  53
  45  49  52  56  69 160 255 255 255 255 255 132  72  64  57  53
  45  48  50  57  66 162 255 255 255 255 255 134  70  60  57  53
  46  46  50  56  64 150 255 255 255 255 255 128  68  57  53  50
  44  46  49  53  61 154 255 255 255 255 254 120  64  57  51  46

  68  65  65  69  64  68  68  72  67  68  69  65  70  65  66  61
  69  67  69  73  73  73  78  74  78  72  74  72  70  72  70  66
  75  75  80  77  82  78  80  81  84  82  80  77  78  73  75  71
  83  83  88  89  88  88  92  94  95  95  90  86  85  85  84  81
 140 136 144 143 149 146 153 151 151 156 147 151 141 145 139 134
 255 255 255 255 255 255 255 255 255 255 255 255 255 255 255 255
 255 255 255 255 255 255 255 255 255 255 255 255 255 255 255 255
 255 255 255 255 255 255 255 255 255 255 255 255 255 255 255 255
 255 255 255 255 255 255 255 255 255 255 255 255 255 255 255 255
 255 255 255 255 255 255 255 255 255 255 255 255 255 255 255 255
 179 172 175 177 172 179 168 172 172 168 173 162 162 165 152 154
  92  93  94  95  95  97  94  93  91  91  93  86  84  82  78  74
  80  78  82  79  85  82  83  79  81  78  75  76  71  75  69  67
  73  73  75  76  75  78  74  76  76  73  70  74  66  65  66  60
  71  69  70  70  67  68  70  69  71  69  67  63  62  60  57  60
  72  66  62  69  68  67  67  67  67  65  69  61  59  61  60  58
  51  53  54  52  51  52  52  49  49  48  49  52  50  50  48  45
  54  54  52  52  53  55  56  58  56  54  54  56  55  53  50  49
  56  56  57  57  58  59  64  66  66  61  60  60  60  60  56  54
  62  64  64  66  69  71  72  76  76  72  70  71  69  67  65  61
 119 122 131 128 136 133 139 137 139 139 130 136 131 132 125 118
 255 255 255 255 255 255 255 255 255 255 255 255 255 255 255 255
 255 255 255 255 255 255 255 255 255 255 255 255 255 255 255 255
 255 255 255 255 255 255 255 255 255 255 255 255 255 255 255 255
 255 255 255 255 255 255 255 255 255 255 255 255 255 255 255 255
 255 255 255 255 255 255 255 255 255 255 255 255 255 255 255 255
 173 165 171 167 166 173 164 168 164 159 164 158 159 159 146 147
  71  72  72  72  75  73  75  73  71  69  70  68  65  63  61  55
  62  62  62  63  63  64  63  60  61  60  60  58  57  55  52  51
  55  56  57  57  56  53  54  54  53  55  54  51  51  49  48  48
  49  51  51  50  50  50  49  51  50  50  50  47  48  46  46  44
  47  48  49  48  48  48  49  50  49  48  45  45  46  43  43  42
  52  56  54  55  53  54  55  55  51  53  53  53  53  53  50  46
  55  56  55  55  55  59  59  60  58  55  57  58  57  57  53  51
  57  59  61  60  60  62  67  67  67  66  63  63  64  60  57  57
  65  66  70  70  71  71  75  78  79  76  74  73  72  70  68  64
 122 124 133 132 138 135 141 140 143 140 134 140 132 134 128 120
 255 255 255 255 255 255 255 255 255 255 255 255 255 255 255 254
 255 255 255 255 255 255 255 255 255 255 255 255 255 255 255 255
 255 255 255 255 255 255 255 255 255 255 255 255 255 255 255 255
 255 255 255 255 255 255 255 255 255 255 255 255 255 255 255 255
 255 255 255 255 255 255 255 255 255 255 255 255 255 255 255 255
 177 168 174 171 167 175 167 170 167 161 167 161 160 162 150 154
  74  75  75  77  77  77  76  76  72  71  74  72  69  66  64  61
  63  63  64  66  67  68  63  63  61  61  62  59  56  57  56  53
  57  58  59  59  57  57  56  56  56  58  56  54  52  50  50  49
  51  50  54  50  51  52  51  52  53  52  52  50  49  48  46  46
  51  49  50  47  50  49  51  49  52  51  49  48  45  45  46  44

  61  66  71  81 134 255 255 255 255 255 154  74  67  60  60  58
  66  70  75  84 139 255 255 255 255 255 152  78  69  66  57  60
  65  72  73  85 145 255 255 255 255 255 165  82  75  65  60  61
  70  70  78  85 141 255 255 255 255 255 162  84  71  66  62  59
  65  72  77  86 151 255 255 255 255 255 162  86  76  74  63  61
  69  74  80  90 147 255 255 255 255 255 173  93  75  70  67  69
  68  72  82  95 156 255 255 255 255 255 168  91  78  73  69  65
  67  78  84  95 151 255 255 255 255 255 172  91  81  76  71  67
  72  74  81  94 151 255 255 255 255 255 172  93  79  76  69  67
  68  78  80  92 153 255 255 255 255 255 168  94  83  74  70  67
  68  73  78  88 146 255 255 255 255 255 179  97  82  78  68  67
  64  73  82  88 149 255 255 255 255 255 172  95  85  75  67  68
  69  73  77  89 143 255 255 255 255 255 177  95  79  76  70  69
  65  69  80  88 144 255 255 255 255 255 175  94  82  75  70  62
  65  67  75  83 136 255 255 255 255 255 172  93  78  73  69  66
  68  69  75  83 140 255 255 255 255 255 179  92  80  73  71  72
  45  49  54  61 118 255 255 255 255 255 147  55  51  48  44  42
  48  50  56  65 125 255 255 255 255 255 146  61  52  48  46  43
  50  53  60  67 132 255 255 255 255 255 159  63  55  49  46  43
  50  55  60  69 131 255 255 255 255 255 159  65  57  51  48  46
  52  56  60  71 136 255 255 255 255 255 158  68  58  51  47  45
  49  54  60  70 130 255 255 255 255 255 164  70  60  54  50  45
  48  54  61  72 139 255 255 255 255 255 159  69  60  55  50  48
  49  56  66  76 139 255 255 255 255 255 164  71  61  53  50  49
  49  58  66  76 137 255 255 255 255 255 168  73  60  54  51  50
  52  56  64  72 139 255 255 255 255 255 164  75  63  54  49  49
  52  55  59  71 133 255 255 255 255 255 173  73  64  53  50  48
  51  53  58  69 136 255 255 255 255 255 166  75  63  56  50  48
  52  52  57  66 128 255 255 255 255 255 167  72  63  57  50  48
  54  52  57  64 131 255 255 255 255 255 171  72  62  57  51  49
  53  54  56  64 122 255 255 255 255 255 165  72  62  56  51  48
  51  54  56  62 119 255 255 255 255 255 173  71  62  55  49  47
  46  51  57  64 120 254 255 255 255 255 154  61  53  49  46  44
  50  53  57  68 128 255 255 255 255 255 150  64  56  50  46  46
  53  57  60  70 134 255 255 255 255 255 162  66  57  50  48  45
  53  57  64  72 132 255 255 255 255 255 160  69  56  52  49  45
  53  58  63  73 140 255 255 255 255 255 161  72  59  54  50  48
  53  57  63  74 134 255 255 255 255 255 167  74  62  56  52  49
  53  55  66  76 140 255 255 255 255 255 161  71  61  58  52  51
  51  58  67  79 143 255 255 255 255 255 167  72  61  56  53  52
  55  60  67  78 140 255 255 255 255 255 170  76  63  56  52  49
  55  59  67  75 141 255 255 255 255 255 167  76  63  56  51  51
  54  59  62  71 135 255 255 255 255 255 175  77  68  57  52  49
  53  55  60  71 138 255 255 255 255 255 167  77  67  57  51  50
  55  55  60  70 132 255 255 255 255 255 171  77  66  59  50  47
  54  55  61  70 133 255 255 255 255 255 174  75  64  59  54  50
  56  56  59  66 124 255 255 255 255 255 168  75  63  58  50  49
  52  55  57  65 122 255 255 255 255 255 177  74  63  57  51  51

  58  60  61  59  61  69  65  67  67  67  67  68  69  62  66  72
  60  57  60  62  63  67  69  71  69  70  68  67  70  70  69  71
  60  66  65  66  74  70  73  76  76  74  78  75  76  75  73  73
  67  69  75  71  76  75  78  81  79  83  82  85  79  82  78  80
  74  78  82  84  86  93  91  91  93  94  97  95  95  94  93  92
 154 152 165 162 162 173 168 172 172 168 179 172 177 175 172 179
 255 255 255 255 255 255 255 255 255 255 255 255 255 255 255 255
 255 255 255 255 255 255 255 255 255 255 255 255 255 255 255 255
 255 255 255 255 255 255 255 255 255 255 255 255 255 255 255 255
 255 255 255 255 255 255 255 255 255 255 255 255 255 255 255 255
 255 255 255 255 255 255 255 255 255 255 255 255 255 255 255 255
 134 139 145 141 151 147 156 151 151 153 146 149 143 144 136 140
  81  84  85  85  86  90  95  95  94  92  88  88  89  88  83  83
  71  75  73  78  77  80  82  84  81  80  78  82  77  80  75  75
  66  70  72  70  72  74  72  78  74  78  73  73  73  69  67  69
  61  66  65  70  65  69  68  67  72  68  68  64  69  65  65  68
  42  43  43  46  45  45  48  49  50  49  48  48  48  49  48  47
  44  46  46  48  47  50  50  50  51  49  50  50  50  51  51  49
  48  48  49  51  51  54  55  53  54  54  53  56  57  57  56  55
  51  52  55  57  58  60  60  61  60  63  64  63  63  62  62  62
  55  61  63  65  68  70  69  71  73  75  73  75  72  72  72  71
 147 146 159 159 158 164 159 164 168 164 173 166 167 171 165 173
 255 255 255 255 255 255 255 255 255 255 255 255 255 255 255 255
 255 255 255 255 255 255 255 255 255 255 255 255 255 255 255 255
 255 255 255 255 255 255 255 255 255 255 255 255 255 255 255 255
 255 255 255 255 255 255 255 255 255 255 255 255 255 255 255 255
 255 255 255 255 255 255 255 255 255 255 255 255 255 255 255 255
 118 125 132 131 136 130 139 139 137 139 133 136 128 131 122 119
  61  65  67  69  71  70  72  76  76  72  71  69  66  64  64  62
  54  56  60  60  60  60  61  66  66  64  59  58  57  57  56  56
  49  50  53  55  56  54  54  56  58  56  55  53  52  52  54  54
  45  48  50  50  52  49  48  49  49  52  52  51  52  54  53  51
  44  46  45  45  48  49  51  52  49  51  49  50  47  50  49  51
  46  46  48  49  50  52  52  53  52  51  52  51  50  54  50  51
  49  50  50  52  54  56  58  56  56  56  57  57  59  59  58  57
  53  56  57  56  59  62  61  61  63  63  68  67  66  64  63  63
  61  64  66  69  72  74  71  72  76  76  77  77  77  75  75  74
 154 150 162 160 161 167 161 167 170 167 175 167 171 174 168 177
 255 255 255 255 255 255 255 255 255 255 255 255 255 255 255 255
 255 255 255 255 255 255 255 255 255 255 255 255 255 255 255 255
 255 255 255 255 255 255 255 255 255 255 255 255 255 255 255 255
 255 255 255 255 255 255 255 255 255 255 255 255 255 255 255 255
 254 255 255 255 255 255 255 255 255 255 255 255 255 255 255 255
 120 128 134 132 140 134 140 143 140 141 135 138 132 133 124 122
  64  68  70  72  73  74  76  79  78  75  71  71  70  70  66  65
  57  57  60  64  63  63  66  67  67  67  62  60  60  61  59  57
  51  53  57  57  58  57  55  58  60  59  59  55  55  55  56  55
  46  50  53  53  53  53  53  51  55  55  54  53  55  54  56  52

